# This puzzle is solvable
17
  2 121   4 119  67  68  69   5 129  12  13  76  79 269 177 182 132  
120  66   3 122 206 117  65 173 211  72   7  10  15  11  17  77  19  
 63   6  73 123  64   8 213  74 215 174 235  75 179 218 180 134  22  
  1  61 166 241 126 170 208 248 175 130 133 284 283 219  81  18 136  
279 207   9 237 265  70 264 124 267 270 128 217  71 137 131 216 221  
115 209 204 125 165  56 116 274 169 245 127 281  16 268 185  23  78  
 60  62 167 163 160 212 214 171 178 243  80 176 278  20 139  21  14  
210  59 239 242 280 168 200 230 246 250 188 184  82 272 142 183  83  
162 114 277 164 202 203 118 172 186 275 181 135  86  89 140  87 247  
161 287  55  50 240 234 238 194 205 288 261 220  96 144 141  85  84  
262  57 201 233 259  44 252 256 266 146 249 271 253  26  25  27  34  
159  52  54 103 153 104 231 257 273 195 244 190 225 138  88  24  39  
 53 197 112  47 260 156 193 236 232 229 251 282  36 223  29 187  28  
108  46 198  49  58 228  43 196 155 192 276 222 224 227 143 191  93  
109 105 258 157 102 286 152  45 263  97 285 147  99  30  31  92  91  
 48 158  51   0 154 150 106  38 255 226  40  94  90  33 148 149 145  
107 110 113 111 151 199 100  42  41  37  95 101  98 254  32 189  35  